"Timestep"	"N"	"DBH"	"H"	"BA"
0	3937.657702	0.000343807942105162	0.00131375219654729	0.551813571326942
1	3877.793898	0.000440171142180432	0.00148359101802354	0.851891496146305
2	3820.550963	0.000538908572071622	0.00164023469549583	1.21112795903351
3	3766.053426	0.000639787710508422	0.00178702826944615	1.62643950107594
4	3714.422136	0.000742521750703912	0.00192586246680743	2.09492217313576
5	3665.76358	0.000846771261295045	0.00205784054706909	2.61384173308988
6	3620.184669	0.000952142265295306	0.00218356660462853	3.18063768968786
7	3577.772691	0.00105819309000384	0.00230333814414214	3.79290262534932
8	3538.616776	0.00116443298907942	0.00241723655381248	4.44839197174868
9	3502.801424	0.00127032809178984	0.00252519717225781	5.14502038480089
10	3470.396337	0.00137531177688651	0.00262706288360375	5.88083582446537
11	3441.467812	0.00147878911423064	0.00272260864183434	6.65403291896984
12	3416.087119	0.001580140177281	0.00281156279500359	7.46295973431214
13	3394.314951	0.00167873831427331	0.0028936558333478	8.30608973259827
14	3376.204302	0.00177395967716836	0.00296861194586493	9.18202054101321
15	3361.809226	0.00186519081238284	0.00303617341217565	10.0894771721148
16	3351.180795	0.00195184207728601	0.00309611316209016	11.027315508573
17	3344.36693	0.00203335898804376	0.00314825287071173	11.9945068234952
18	3341.412637	0.0021092328330221	0.00319243204775092	12.9901274397837
19	3342.36651	0.00217900850034506	0.00322862622420272	14.0133981850087
20	3347.268395	0.00224229718268359	0.00325679982375232	15.0636034705031
21	3356.1626994	0.00229877968476607	0.00327700315228977	16.1401583928476
22	3369.0917451	0.00234821314242858	0.00328936197572764	17.2425835024522
23	3386.0991479	0.00239043063868603	0.00329405921415018	18.3704979019442
24	3407.2259429	0.00242535018167809	0.00329131306657895	19.523598110091
25	3432.5153645	0.00245296696807163	0.00328146963072582	20.7017050269552
26	3462.0085276	0.00247335255655035	0.00326485192655128	21.9046911152414
27	3484.5431677	0.00248694865517204	0.00323797396678465	23.1022923181143
28	3510.1551363	0.00249420682015315	0.00320534065969291	24.3165445755078
29	3531.8907189	0.00249977503852767	0.00317377267678143	25.4100875156392
30	3555.2868051	0.00248111958081067	0.00313970070122953	26.4436477622379
31	3581.3486738	0.00245956450451724	0.00310229364623501	27.4884082664201
32	3600.0131823	0.00244217268514424	0.00307096323928189	28.4438298593789
33	3621.4931101	0.0024219540284247	0.00303614858474972	29.4094981035489
34	3645.7616448	0.00239910669419854	0.00299829046344264	30.3851091120586
35	3672.7830606	0.00237383760537362	0.00295770056790592	31.3703098170322
36	3702.5189713	0.002346360457302	0.00291468405716367	32.3647428690141
37	3734.9356192	0.00231689284819702	0.00286955378703498	33.3681257346574
38	3770.0004376	0.00228564560195464	0.00282260788657613	34.3801563628734
39	3807.6758688	0.00225283003993358	0.0027741216195316	35.4005264597742
40	3847.9285717	0.00221864872584632	0.00272438292708844	36.4289599485843
41	3882.2080194	0.00217055924043109	0.00267036660630302	37.1436487665369
42	3917.8393833	0.00212423165591708	0.00261805742956379	37.8592231068017
43	3954.7885502	0.00207958656791511	0.00256732513977797	38.5755980653489
44	3993.0211857	0.00203654639126687	0.00251806072288522	39.2926063048602
45	4032.5045841	0.00199503931849809	0.00247019613357141	40.0101583098668
46	4073.209341	0.0019597585642374	0.00242367145753745	40.7281856493938
47	4115.1016874	0.00193223138249558	0.00237843055864136	41.4465212801362
48	4158.1537531	0.0019049290175932	0.00233442582800205	42.1651250107768
49	4202.3343416	0.00187788366777801	0.00229162859350623	42.8838528431681
50	4247.6189724	0.00185112290129092	0.00225000473321268	43.6026801658232
51	4293.9782329	0.00182467047721514	0.00220951717020638	44.321496285987
52	4341.3863378	0.00179855093811063	0.00217013234310809	45.0402329209412
53	4389.8172132	0.00177278163243487	0.00213183279696307	45.7588102162792
54	4439.2444748	0.00174737934934272	0.00209458529261766	46.4771588451447
55	4489.6472763	0.0017223594236663	0.00205835483204071	47.1952317251495
56	4540.9998126	0.00169773374934603	0.00202312452311581	47.9129740849246
57	4593.2820677	0.00167351304724996	0.00198886695452554	48.6303409021211
58	4645.8692217	0.00164991770557669	0.0019558015892657	49.1083794652142
59	4698.7957872	0.00162691991239628	0.00192386496445774	49.5906701175354
60	4752.0931814	0.00160449365502266	0.00189299381741091	50.077119565048
61	4805.787057	0.001582615206525	0.00186313013365299	50.5676486273767
62	4859.8969041	0.00156126439284892	0.00183421681934326	51.0619160447615
63	4914.4467373	0.00154041958589866	0.00180621058323528	51.5599626386025
64	4969.4554195	0.0015200650728293	0.00177906300043316	52.0616546264131
65	5024.939896	0.00150018299408549	0.00175651058137275	52.5667979754852
66	5080.9095557	0.00148075790386799	0.00173469285849414	53.0752410491411
67	5137.3809952	0.00146177438937959	0.00171341530522968	53.5873772465
68	5194.3660826	0.00144322064430971	0.00169264089146752	54.1031445618286
69	5251.8710453	0.00142508234130378	0.00167235768400774	54.6224205803158
70	5309.9065905	0.00140734795344817	0.00165253962945065	55.1451860192023
71	5368.4814393	0.00139000606675422	0.00163316340355711	55.6714231423396
72	5427.5972193	0.00137304622243032	0.00161420889857907	56.2009632856564
73	5478.362059	0.0013586614472155	0.00159825465875291	56.1430699508975
74	5527.2480105	0.00134513573813219	0.00158328137203927	56.0876377452906
75	5574.3013902	0.00133242076314112	0.00156684171347924	56.034562164215
76	5619.567234	0.00132047142986476	0.00155053746436773	55.9838106087679
77	5663.0875523	0.00130924467249631	0.00153512828953917	55.9353656494998
78	5704.9062284	0.00129870415741717	0.00152056412743197	55.8891993048871
79	5745.0610667	0.00128881349488939	0.0015067922722051	55.8451996230733
80	5783.594324	0.00127954123324369	0.0014937765136583	55.8034444833581
81	5820.54316025	0.00127085589261527	0.00148147237192185	55.7639275982106
82	5855.9431958	0.00126118049565664	0.00146984507117588	55.726467631598
83	5889.83048675	0.00125013329862156	0.00145886008171934	55.6910186003832
84	5922.23888714	0.00123966352792246	0.00144848896035623	55.6576015932733
85	5953.20498928	0.00122974763364976	0.00143869360338152	55.6261781608148
86	5982.75816297	0.0012203594723999	0.0014294573038699	55.5967093453172
87	6010.93213568	0.00121147526177554	0.00142074632116254	55.5691474768402
88	6043.43072317	0.00120194594948172	0.00141121430999564	55.7688832399805
89	6070.70042503	0.00119367397352371	0.0014030953532597	55.9962128804846
90	6098.62197191	0.00118547660304599	0.00139499790889158	56.2452069360847
91	6127.23013949	0.00117734639049968	0.00138691541573621	56.5142938461925
92	6156.55084978	0.00116927601726446	0.00137884089592084	56.801880647144
93	6186.61075825	0.00116126351743694	0.00137076997025783	57.1068722242466
94	6217.42513238	0.00115330098311609	0.00136269398985082	57.4278404671809
95	6249.01009729	0.00114539346841663	0.00135461639400396	57.7639237560626
96	6281.37281748	0.00113753053016068	0.00134653106392887	58.1136999258882
97	6314.51818897	0.00112971831493052	0.0013384415397147	58.4764002481352
98	6348.44924107	0.00112195234651438	0.0013303429474926	58.8509667090097
99	6383.16713264	0.00111423398357089	0.00132224172551667	59.2366724345558
100	6418.66761985	0.00110656372247891	0.00131413335067701	59.6326260804611
101	6454.94637109	0.00109894148449989	0.00130602371995303	60.0380877425361
102	6491.99427105	0.00109137050406157	0.00129791569760654	60.4523525271349
103	6529.80717386	0.00108384898065119	0.00128980790910891	60.8747696560584
104	6568.37275452	0.00107638008760163	0.00128170418637416	61.3048003053518
105	6600.6516995	0.00107010322405602	0.00127496625693029	61.1513223046921
106	6631.20157248	0.00106425035177263	0.00126867828170824	61.0061463092102
107	6660.06406879	0.00105880063853799	0.001262821880061	60.8686253250147
108	6687.09826452	0.00105376618995818	0.00125740839282579	60.6711922957652
109	6712.36668902	0.00104912753871106	0.00125241669426433	60.4837434306873
110	6735.92364332	0.00104620784882367	0.0012478284813162	60.3057664601595
111	6757.82517745	0.00104512404242989	0.00124362033514599	60.1365931187558
112	6778.12182173	0.00104435061151062	0.00123977660854612	59.9758557678786
113	6796.86310774	0.00104387480774274	0.00123628076758049	59.8230998353405
114	6814.09756202	0.00104368701422162	0.00123311806624067	59.6780558359357
115	6829.869822124	0.00104377564626453	0.0012302744770328	59.5403209779079
116	6843.146952815	0.00104429554292695	0.00122784673044644	59.073188597894
117	6854.02713558	0.0010452278305234	0.00122617772534372	58.6183110427958
118	6868.150541894	0.00104571172671939	0.00122420409100039	58.6583483699458
119	6882.064461985	0.00104627225146749	0.00122250683976474	58.7078986427183
120	6895.802633197	0.00104690340595993	0.00122104684334979	58.7665646831629
121	6909.399947544	0.00104759787633117	0.00121979165284182	58.8340381085109
122	6922.886296248	0.00104834984364017	0.00121871434147551	58.9100932877713
123	6936.289370544	0.00104915421744832	0.00121778948274339	58.9941430841835
124	6949.638057303	0.00105000528669034	0.00121699553044911	59.0859555261748
125	6962.960244279	0.00105089747829558	0.00121631361042758	59.1853904506732
126	6976.277924666	0.00105182635822461	0.00121572882955591	59.2920083287325
127	6989.616618489	0.00105278714822834	0.00121522236976288	59.4056448164814
128	7002.997887059	0.00105377509801934	0.00121478151735046	59.5258087836838
129	7016.443423093	0.00105478631576577	0.00121439646214927	59.6525502009227
130	7029.973071196	0.00105581688944844	0.0012140546667337	59.7854937333578
131	7043.60449191	0.001056863307106	0.00121374403241206	59.9243102848747
132	7057.356161762	0.00105792159817742	0.00121345872019088	60.0689100381796
133	7071.246193993	0.00105898838554122	0.00121318866092622	60.2189564757166
134	7085.289257774	0.00106006034910781	0.00121292656119294	60.3742322709208
135	7099.501241441	0.00106113465482797	0.00121266533594397	60.5346481528893
136	7113.896318936	0.00106220836355684	0.00121240016611819	60.6999011933312
137	7128.487519337	0.00106327836651419	0.00121212279104255	60.8697793496483
138	7143.287516495	0.00106434292106137	0.00121183071855666	61.0442257590329
139	7158.309888068	0.00106539812233223	0.00121151740948312	61.2229333090888
140	7173.564058333	0.00106644322918965	0.00121117886379608	61.4057650515809
141	7189.061236179	0.0010674749905859	0.00121081159383221	61.5925035475095
142	7204.813864216	0.00106849152179067	0.00121041107424979	61.7831315418245
143	7220.828985325	0.00106949071861115	0.00120997568876271	61.9773632141111
144	7237.116316795	0.00107047095971639	0.0012095000981867	62.1750540123736
145	7253.684667017	0.00107143028234652	0.00120898387620369	62.3761932004716
146	7270.541899752	0.00107164505757072	0.00120842357516216	62.5805031103083
147	7287.694435952	0.00107110469918193	0.00120781793421487	62.7877350633198
148	7305.15074945	0.00107053981205446	0.00120716277662811	62.9981166853111
149	7322.9165564446	0.00106994854619319	0.00120645926817812	63.2111897992003
150	7340.9976162511	0.00106932790908597	0.00120570349329499	63.4269022628965
151	7359.4013153692	0.00106867601347685	0.00120489520474062	63.6453012807611
152	7378.1320535499	0.00106799140777554	0.00120403223466349	63.8661468229102
153	7394.7167987502	0.00105951748011694	0.00120293598160649	63.8178816847166
154	7410.9497444934	0.0010521608313138	0.00120212374108205	63.7863984349429
155	7426.8972850843	0.00104579894322728	0.00120155183704077	63.7699360342183
156	7442.62278988	0.00104032580356339	0.00120118388442171	63.7680965584497
157	7458.1826506654	0.00103564923114317	0.00119976114029538	63.7800717472394
158	7473.6305034642	0.00103168647049431	0.00119844748457116	63.8050900590746
159	7489.0189570207	0.0010283663858456	0.00119750351633615	63.8429427340991
160	7504.396653766	0.00102562523109265	0.00119687390102815	63.8926503945656
161	7519.8068370425	0.00102340549983992	0.00119651246871006	63.9538029451193
162	7535.2887895718	0.00102165745662906	0.00119637905206443	64.0258167947489
163	7550.8838806061	0.00102033560229497	0.00119643761815865	64.1083848038124
164	7566.6218194445	0.00102067592527738	0.0011966587882841	64.2008775811608
165	7582.5407772541	0.00102228020715562	0.00119701462234324	64.3026389787381
166	7598.6713819878	0.00102398676785627	0.00119748084059237	64.4135419563346
167	7615.0351960639	0.00102578533529243	0.00119803851231617	64.5330227837808
168	7631.6641326436	0.00102766429529056	0.00119866603532461	64.6606723364915
169	7648.5836370305	0.00102961323956678	0.00119934751120503	64.7961029725983
170	7665.8097637101	0.00103162410150723	0.00120006908131706	64.9389423754658
171	7683.3685267107	0.0010336870536069	0.0012008166173086	65.0890024415642
172	7701.2764228773	0.00103579480384036	0.00120157893505654	65.2456105158563
173	7719.5489631883	0.00103794035495595	0.00120234465701743	65.4086204757392
174	7738.2057907734	0.00104011553387433	0.00120310449018014	65.5777144844554
175	7757.260463244	0.00104231524773141	0.00120385036640433	65.7528011473888
176	7776.7211710469	0.00104453323301589	0.00120457410823563	65.9332096532068
177	7796.6063949358	0.00104676275233619	0.00120526978369515	66.1188609114668
178	7816.9272196211	0.00104899900145426	0.00120592989640865	66.3097210468205
179	7837.6855147322	0.00105123864303191	0.00120655068085415	66.5051484650119
180	7858.8941090542	0.00105347630014705	0.00120712709334367	66.7051038781947
181	7880.5652183734	0.00105570631509237	0.00120765354138	66.9095516258081
182	7902.70459025922	0.00105792610587186	0.00120812729542082	67.1179085119625
183	7925.30669263024	0.00106013369587031	0.00120854609373869	67.330166892786
184	7948.3916648201	0.00106232352328541	0.00120858380758578	67.5463463821548
185	7971.95004639266	0.00106449444229984	0.00120836269832455	67.7658484405299
186	7996.00133251927	0.00106664080711425	0.00120807323883188	67.988716557085
187	8020.53785493464	0.00106876260504271	0.00120771768244869	68.2147626730452
188	8045.56011701227	0.00107085759275233	0.00120729575233481	68.4438717211951
189	8071.07840202585	0.001072921466683	0.00120680482286124	68.6750191713024
190	8097.0879427761	0.00107495408851105	0.00120624685214693	68.9098416637962
191	8123.59263989668	0.00107695334541868	0.0012056205600786	69.1473335339457
192	8150.58511610599	0.001078919092792	0.00120492775761871	69.3870315455095
193	8178.07808454217	0.00108084619840138	0.00120416610726846	69.6293779327263
194	8206.05938217903	0.00108273740541253	0.00120333855468973	69.8739466593592
195	8234.535648338	0.00108458845520557	0.00120244356585845	70.1204714327434
196	8263.50523472997	0.00108639994859782	0.00120148244809321	70.3690229940919
197	8292.9609704249	0.00108956419850953	0.00120045618490319	70.6195520331869
198	8322.9022829311	0.00109425776123585	0.00119936573506248	70.8721726586631
199	8353.3289847417	0.00109895373981961	0.00119821195930119	71.1261145483592
200	8384.2364391042	0.00110359324502025	0.00119699464153766	71.3819477421173
201	8415.6215599619	0.00110822940771779	0.0011957169484981	71.6394798643639
202	8447.4825301099	0.00111280534429325	0.00119437765009277	71.898246673762
203	8479.8134337823	0.00111737113263638	0.00119297946200719	72.1587942776326
204	8512.6157421312	0.00112187401233819	0.00119152297930577	72.4204625278341
205	8545.8782071802	0.00112636205016641	0.00119000992425237	72.6835433796753
206	8579.5992775523	0.00113050956758901	0.00118844079565374	72.9476609399349
207	8613.7791019514	0.00113495530266314	0.0011868171147732	73.2129958327164
208	8648.4083316401	0.00113935752137377	0.00118514064203636	73.4798102077055
209	8683.4819669366	0.00114371510990628	0.00118341219532861	73.747505534722
210	8718.99550097848	0.00114611339404925	0.00118029138231041	74.0163493670699
211	8754.94792576251	0.00114823277191724	0.00117711975392743	74.2862165669288
212	8791.32969213811	0.00115030718874111	0.00117391648238257	74.5568273369567
213	8828.13759699301	0.00115237296253723	0.00117068250328389	74.828721386336
214	8865.36831451826	0.0011543455907982	0.0011674187922984	75.101291617478
215	8903.01192090529	0.00115629111203234	0.0011641278300518	75.374770800268
216	8941.06615553544	0.00115816882332694	0.00116081027912768	75.6491440946376
217	8979.52335844756	0.00116001920395298	0.0011574684656614	75.9240964244237
218	9018.37931484737	0.00116180294635751	0.00115410291840542	76.199879213742
219	9057.62760214153	0.00116355925206491	0.00115071534859584	76.4764746084239
220	9097.26680264472	0.00116525034004016	0.00114730710329245	76.7537453706711
221	9137.28291858502	0.00116691529137427	0.00114388051929099	77.0315045980362
222	9177.67474374979	0.00116617283286777	0.00114043606421959	77.3100153150451
223	9218.43689933272	0.001159932355229	0.00113697504001801	77.5892714331787
224	9259.56382622402	0.00115372777064996	0.00113409100045762	77.869249328148
225	9301.04995323444	0.00114756635827489	0.00113133513048801	78.1496430880748
226	9342.88264176271	0.00114145609322614	0.00112859040158631	78.4307205561993
227	9385.06547517298	0.0011354020082313	0.0011258550049	78.7124824869659
228	9427.59334605208	0.00112940933489364	0.0011231286863791	78.9945332988666
229	9470.44498648244	0.00112348487397252	0.00112041658935765	79.2773134814768
230	9513.63119863239	0.0011176314710933	0.00111770186089384	79.5607412505967
231	9557.1438083287	0.00111185312045989	0.00111497942059709	79.8444487490048
232	9600.96190683089	0.00110615440876427	0.00111229110029801	80.1288011493356
233	9645.06600034715	0.00110045251390661	0.00110962468747701	80.4058516928519
234	9689.44625408825	0.00109487906753379	0.00110702992915462	80.6838707167538
235	9734.09168231127	0.00108943567378703	0.00110442919519722	80.9623911065925
236	9779.00226967848	0.0010841206493066	0.00110185257834592	81.2414396158712
237	9824.17832485666	0.00107893416710721	0.00109933768901121	81.5217399878958
238	9869.60963316181	0.00107387502800578	0.00109683998273179	81.8025308010791
239	9915.29462370587	0.00106894146981905	0.00109439907483405	82.0838295095147
240	9961.22308853617	0.00106423394307437	0.0010919916573604	82.3659695808073
241	10007.406880058	0.00106278082948724	0.00108961426806027	82.6489566442384
242	10053.8238288709	0.00106135036253648	0.00108726717130285	82.9327669119391
243	10100.476647117	0.00105994133676545	0.00108494055745632	83.2170080981803
244	10147.3599029531	0.00105855367716132	0.00108263621080612	83.5016842343274
245	10194.4712600946	0.0010571858935084	0.00107871421780641	83.7875100881831
246	10241.8067628214	0.00105583816155546	0.00107460314498219	84.0733812596551
247	10289.3591056095	0.00105451001569166	0.00107057325208146	84.3604179645349
248	10337.1270308533	0.00105320032205416	0.00106662952694847	84.6478649320052
249	10385.1016441858	0.00105190937361677	0.00106272098816842	84.9356574578921
250	10433.2815001807	0.00105063646708226	0.00105886204925346	85.2246005478652
251	10481.6572738825	0.00104938142598567	0.0010550977792444	85.5134956711891
252	10530.3633103758	0.00104839606443878	0.00105136376387279	85.8144345577025
253	10579.2839582817	0.00104738129306068	0.00104771806363542	86.1151776744891
254	10628.4552174316	0.0010464923726149	0.00104413635039347	86.4274612147196
255	10677.8658106117	0.00104553213475892	0.00104061561395359	86.7399148138302
256	10727.5192034522	0.00104449640450525	0.00103711676015172	87.0524878955925
257	10777.4002091581	0.00104339278568058	0.00103364546915407	87.3656013693135
258	10827.5056582623	0.00104222363972421	0.00103025247619834	87.6792729206085
259	10877.8352041694	0.00104098272744823	0.00102688091910347	87.9930601321212
260	10928.378469268	0.00103967977741182	0.00102358544312101	88.3069514585865
261	10979.1329972949	0.00103830824074853	0.00102034679262638	88.621389093749
262	11030.0911872742	0.00103687854760238	0.00101715068554298	88.9363667368179
263	11081.2462039829	0.00103538234740299	0.00101397287506422	89.2514272283493
264	11132.5913332381	0.00103383259778855	0.00101080694424226	89.5665473548273
265	11184.1194546743	0.00103223180746733	0.00100771259630309	89.8826689750907
266	11235.8345812885	0.00103056754495269	0.00100462409445086	90.1983882665847
267	11287.724925537	0.00102885643774601	0.00100160470160698	90.5146371498513
268	11339.7894139001	0.0010270836199894	0.00099858689221557	90.8314041331684
269	11391.9609861716	0.00102501619868654	0.000995641535623434	91.1290288924998
270	11444.2374610999	0.00102297090059008	0.000992752115486457	91.4268606931881
271	11496.6137718429	0.00102096649220405	0.000989889163250833	91.7253859969248
272	11549.0934948132	0.00101897939005507	0.000987045502679334	92.0241082732508
273	11601.6605813756	0.00101703209268178	0.000984200210324866	92.323500100017
274	11654.3111617638	0.00101512380110287	0.000981424491068534	92.6230955334575
275	11707.0450553266	0.00101325327883	0.000978640573114816	92.923371811292
276	11759.8587650918	0.0010114199740832	0.000975923994237703	93.2238409437465
277	11812.7514739108	0.00100959890990367	0.000973257237052206	93.5249882263523
278	11865.7220218888	0.00100781159686247	0.000970598223046181	93.8263028632614
279	11918.7529778335	0.00100606014175369	0.000967956157828553	94.1277743880825
280	11971.8491226138	0.00100434326223681	0.000965296311980854	94.4299188803917
281	12025.0165714632	0.00100263278803275	0.000962698806038592	94.7322189251939
282	12078.2374274873	0.0010009560167731	0.000960078951255089	95.0351536774802
283	12131.5258070733	0.000999280187427957	0.000957519945251442	95.3382406729076
284	12184.8657445242	0.000997636924340463	0.000955006328377902	95.6414444209605
285	12238.2609890499	0.000995993011016099	0.000952484519518204	95.9453132402703
286	12291.6975591575	0.000994381818517474	0.000949975954239008	96.249271703522
287	12345.1880821269	0.000992762717661646	0.000947433819976746	96.5538743430248
288	12398.7219161813	0.000991174850514489	0.000944950404045731	96.8585711955749
289	12452.2786755259	0.000989619613136283	0.000942430419824377	97.1633506123739
290	12505.8858609473	0.000988054559681217	0.000939967066821376	97.4687809550087
291	12559.5140409701	0.000986520382221838	0.000937545936840127	97.7742577418464
292	12613.1846261801	0.000984969898159206	0.000935100492356513	98.079823393378
293	12666.8774857427	0.000983449413586307	0.000932585267043004	98.3859769601908
294	12720.5793230531	0.000981960421061721	0.000930030517040301	98.6921952757463
295	12774.2976295881	0.000980501198415871	0.000927432731441327	98.9990461707683
296	12828.0233571254	0.000979067557744416	0.000924792927901189	99.3059309311404
297	12881.7745380863	0.000977617600723013	0.000922110122543533	99.6129164879822
298	12935.528801587	0.000976196702052046	0.000919385807386837	99.9198507517383
299	12989.3001238154	0.000974755898865712	0.000916619598448306	100.227375668789
300	13043.065200475	0.000973344012949398	0.000913812995290303	100.534886640854
301	13096.8484023759	0.000971903612765254	0.000910964973765356	100.843008344574
302	13150.6240395627	0.000970492240001939	0.000908077008846567	101.150488250245
303	13204.3850884289	0.000969110630137896	0.000905150233045218	101.459174029033
304	13258.1489738839	0.000967701803927258	0.000902183632344936	101.767234854896
305	13311.8930802225	0.000966316182341625	0.000899178973130404	102.075870715819
306	13365.6434419205	0.000964898695319589	0.000896135129864282	102.38445051066
307	13419.3671385462	0.00096351101837691	0.000893054563569717	102.692970566473
308	13473.0830691752	0.000962088593982638	0.000889936342257671	103.001423072396
309	13526.7665601522	0.000960696599062294	0.000886782503880305	103.310407864387
310	13580.4422374591	0.000959259134616709	0.000883591969124949	103.619318880085
311	13634.0833875699	0.00095785285234232	0.000880367040468979	103.928792829136
312	13687.6883238505	0.000956477620859542	0.000877107758365727	104.238205500001
313	13741.2796155439	0.000955059504004882	0.000873813902215131	104.547511342234
314	13794.8165047756	0.000953665128785828	0.000870488088334514	104.856691986334
315	13846.2268749108	0.000950648146921994	0.000867260451123878	104.689381914318
316	13895.5147692409	0.000947390411915578	0.000864128513145962	104.524217263476
317	13942.7651543749	0.000944213803022865	0.00086108485648492	104.360581984389
318	13988.0104613907	0.000941123372572014	0.000858125244873906	104.198411941952
319	14031.3060505004	0.000938105427828073	0.000855244342238983	104.038367901133
320	14072.6911366831	0.000935166174069166	0.000852438089583295	103.87910514758
321	14112.2090950857	0.000932292667494281	0.000849702456523654	103.721928965529
322	14149.8891835534	0.000929492685044695	0.000847033813184227	103.566131813799
323	14185.7910349672	0.000926751462602201	0.000844427611001229	103.412390533847
324	14219.9388547658	0.000924078896299242	0.000841881511360208	103.259329698393
325	14252.3898702982	0.000921459280819099	0.000839391442506615	103.108280200825
326	14283.1637359838	0.000918904422334329	0.000836955918686465	102.958498396403
327	14312.2990747697	0.000916412394895577	0.000834572381639777	102.809993932524
328	14339.8452854716	0.000913967269685919	0.000832238036633678	102.663410327309
329	14365.8274361114	0.000911581545326937	0.000829951487176681	102.517362915348
330	14390.2923632721	0.000909238779576104	0.00082771034817266	102.373171206562
331	14413.2603305999	0.00090695306052359	0.000825513890361061	102.230110221197
332	14434.7850389831	0.000904706802734999	0.000823359841657464	102.088201700992
333	14454.878434041	0.000902515709972339	0.000821248032585268	101.948020825915
334	14473.5798504034	0.000900361960799618	0.000819177058198391	101.808269952033
335	14490.9127793568	0.000898262202119064	0.000817146630246042	101.67017400451
336	14506.9222362992	0.00089619670601532	0.000815154935228238	101.533112767149
337	14521.6234692835	0.000894184305116466	0.000813202619016171	101.396983952488
338	14535.0460835189	0.000892204810336003	0.000811288657636323	101.262003308823
339	14547.224790481	0.000890277365472891	0.000809412767672803	101.127977658646
340	14558.1681744466	0.000888402975057982	0.000807575468577866	100.99493546986
341	14567.9286534023	0.000886558859719272	0.000805775439817127	100.862843508262
342	14576.5112599626	0.00088476681898791	0.000804013448703078	100.731571553866
343	14583.9646735443	0.000883003446272332	0.000802288286350263	100.601249845813
344	14590.291892494	0.000881292110062828	0.00080060136351379	100.471692134078
345	14595.5392585821	0.000879608314866529	0.000798951420847132	100.343016624927
346	14599.7009244234	0.000877977176348062	0.000798659398294953	100.215031837069
347	14602.8381838936	0.000876371965890617	0.000798630570508685	100.087798417407
348	14604.940058261	0.000874819425765113	0.000798644111188611	99.9612012198785
349	14606.0611167548	0.000873292207562323	0.000798697257157709	99.8353584138931
350	14606.1980598955	0.000871817447098512	0.000798791536502296	99.7100849376105
351	14605.3858142845	0.00087036756507933	0.000798925657174792	99.5854232335831
352	14603.6349201444	0.000868970720800467	0.000799099660542648	99.4612735841212
353	14600.9637599609	0.00086762795432802	0.000799313683381173	99.3376270175199
354	14597.4172416508	0.000866308391442761	0.000799565859362313	99.2145273099899
355	14593.0095498614	0.00086501111195008	0.000799856188191954	99.0918815234948
356	14587.7625766205	0.00086373437471812	0.000800185004287111	98.9696704746182
357	14581.6953188861	0.000862478027838404	0.000800551642397754	98.8478549016381
358	14574.8345772501	0.000861241930129514	0.000800955425084477	98.726425099255
359	14567.1846118879	0.000860027000431145	0.000801397175695415	98.6052568481386
360	14558.7674017684	0.000858832710185826	0.000801876623631612	98.48441181707
361	14549.6110771883	0.000857658993793884	0.000802392933528104	98.3639152325322
362	14539.7222635354	0.000856506363473623	0.000802946687889456	98.2435536588696
363	14529.1250279223	0.000855374603497372	0.000803537479506773	98.1234889691397
364	14517.8329617021	0.000854263649124466	0.000804165296441881	98.0035498478225
365	14505.860647474	0.000853174251738286	0.000804217106867919	97.8838040386382
366	14493.2274182635	0.000852105776202477	0.000803492239517545	97.7641365237997
367	14479.9495616023	0.00085105844960143	0.000802808970722403	97.644591993898
368	14466.0348144914	0.000850033163159538	0.00080216870847671	97.5250865741566
369	14451.514010187	0.000849028637711685	0.000801571332171042	97.4056711360624
370	14436.3823030341	0.000848046335002904	0.000800766772718688	97.2862212999615
371	14420.6695708069	0.000847085620739081	0.000799158878698159	97.1668186419441
372	14404.383841318	0.000846146545794331	0.000797659402512853	97.0473487961892
373	14387.5419978508	0.000845229408399129	0.000796272252176342	96.9278051585005
374	14370.1538925409	0.000844334620733639	0.000795000348882057	96.8082221825066
375	14352.234028829	0.000843461699233112	0.000793846551800572	96.6884470677405
376	14333.7926411901	0.000842611675246085	0.000792812308094954	96.5685949646046
377	14314.8494911197	0.000841783594391916	0.000791898058513867	96.4486526032135
378	14295.4131423916	0.000840978090221519	0.000791104836237214	96.3284477297396
379	14275.497593793	0.000840195226363304	0.000790432410612953	96.2080597680883
380	14255.1090298681	0.000839435695818205	0.000789880677319023	96.0875006612828
381	14234.2641190814	0.000838698854099808	0.000789448557759793	95.966648984327
382	14212.9707553398	0.000836001231211284	0.000789135146306506	95.8456070853392
383	14191.2503015418	0.000831615322405465	0.000788938792420148	95.7242918098736
384	14169.1015291388	0.000827410600468702	0.000788858436157731	95.6026305027013
385	14146.5383586083	0.000823386464968575	0.000788892133915091	95.4806535760822
386	14123.5770182542	0.000819542211817864	0.000789037803212969	95.3584412955989
387	14100.2234967092	0.000815876318810189	0.000789293603090538	95.2358185377175
388	14076.4826660043	0.00081238829622123	0.000789658034662179	95.1128431403487
389	14052.3717629211	0.000809075381885797	0.000790128353948667	94.9894551522516
390	14027.9026298706	0.000805935276310904	0.00079070195158748	94.8657572070394
391	14003.0808764498	0.000802967527217858	0.000791377472483821	94.7416017081263
392	13977.9152379146	0.000800168227007941	0.000792152013804665	94.6170559371661
393	13952.4161095356	0.000797536335415603	0.000793023866937896	94.4920284599719
394	13926.5950392154	0.000795068593766043	0.000793990143325326	94.3665829377583
395	13900.4529056665	0.000792762975925853	0.000795049455426359	94.2407057965958
396	13874.0068549766	0.000790617403531648	0.000796199117598467	94.1143108769099
397	13847.2616444178	0.000788627655569943	0.000797436567835858	93.9874768133337
398	13820.2264642641	0.000786042081487299	0.000798760178068151	93.860111029149
399	13792.9119780315	0.000783386887953866	0.000800167523681929	93.732269464163
400	13765.3223040425	0.000780890965287718	0.000801656780307206	93.6038889821923
401	13737.467290907	0.000778552415447695	0.000803227214113539	93.4749554585264
402	13709.3518626834	0.000776369364710194	0.000804876678032594	93.3455211162407
403	13680.987813556	0.000774338892922375	0.000806602748184449	93.2155327949271
404	13652.3800999425	0.000772458913558427	0.000808403600675163	93.0849590740862
405	13623.5344661864	0.000770726661435886	0.000810277243687412	92.9538741407798
406	13594.4578786038	0.000769139608558527	0.00081222192714158	92.8221962061903
407	13565.1615566071	0.000767695408119707	0.000814220899211893	92.6899387796814
408	13535.652185118	0.000766391296826004	0.000815481085477319	92.5570786276232
409	13505.9307067733	0.000765225517457566	0.000816785973874863	92.4236113735123
410	13476.0107863767	0.000764195448269493	0.00081790340189702	92.2895492463352
411	13445.8903736487	0.000763298984614049	0.000818482921410285	92.1549356757993
412	13415.5822032175	0.000762533428782948	0.00081912899771741	92.0196426171746
413	13385.0905730289	0.00076189759808683	0.000819844551195055	91.8838056866681
414	13354.4227486336	0.00076189751338401	0.000820631433205705	91.747278034289
415	13323.5799814347	0.000761972545552538	0.000821491280435131	91.6102038847997
416	13292.570679772	0.000762112210763225	0.000822424885025201	91.4724266547045
417	13261.4056921192	0.000762315540000045	0.000823432760736276	91.3340355554702
418	13230.0795050136	0.000762582994183275	0.000824516072226545	91.1950160362365
419	13198.6039582479	0.000762914150314428	0.000825393845605744	91.0553776287722
420	13166.989573733	0.000763307448338177	0.000825690531334664	90.9150999185495
421	13135.2323870899	0.000763764097222936	0.000826081952853234	90.7741414430938
422	13103.3362788282	0.000764282780204643	0.000826566494587945	90.6326106286476
423	13071.3203688608	0.00076535887862874	0.000827143080166928	90.4903312153223
424	13039.1728268574	0.000767403893964265	0.000827811833406054	90.3474966896825
425	13006.9046581246	0.000769537955965414	0.00082857145871521	90.2039559549976
426	12974.5255502775	0.000771759827027471	0.000829420507818033	90.0598033568149
427	12942.037189717	0.000772878477338366	0.000830357941715047	89.914959301258
428	12909.4379508815	0.000773009340785118	0.000831383017401874	89.7694958054091
429	12876.7374754768	0.000773296665455843	0.000832494311856991	89.6234147786212
430	12843.9431484138	0.000773739407690629	0.000833690139251284	89.4766372193471
431	12811.05468319	0.000774334363155548	0.000834969910034088	89.3291985788528
432	12778.0780864106	0.000775080159930777	0.000836331850423945	89.1811453976836
433	12745.0164274304	0.000775973748275424	0.00083777485763959	89.0324096054892
434	12711.867466762	0.000777013897196788	0.000839298077999253	88.8830715051493
435	12678.6483340758	0.00077783533770446	0.000840899187335675	88.7330661456473
436	12645.35119154	0.00077864995183097	0.000842577645541975	88.582469719296
437	12611.9889515905	0.000779567441641176	0.00084433184694015	88.4311418088176
438	12578.5609068372	0.000780594815172738	0.000846160435730248	88.2792239219074
439	12545.0686962428	0.00078313441978184	0.000848062264937576	88.1266547092397
440	12511.514646011	0.000786164863906894	0.000850036596843065	87.9735019660918
441	12477.9117989856	0.000789221241250515	0.000852080847507588	87.8196459357244
442	12444.2507996955	0.00079230418836824	0.000854195201014713	87.6652154391431
443	12410.5434218985	0.000795412330706679	0.000856377612354231	87.5101570861432
444	12376.7923975513	0.000798545226165712	0.000858626961334152	87.3544540004189
445	12342.9999944093	0.000801702479285216	0.000860942519759016	87.1981565112643
446	12309.1647096848	0.00080488364727468	0.000863322920453239	87.0412169665342
447	12275.2936078847	0.000808088169684454	0.000865766979497108	86.8836810669521
448	12241.3895423689	0.000811315332400703	0.000868273902934729	86.725541388644
449	12207.4557124662	0.000814564154899624	0.000870842175159319	86.5667995129338
450	12173.4982523571	0.000817834514928179	0.000873470836664862	86.4074668005988
451	12139.5080582894	0.000821126267147668	0.00087615957850363	86.2475430130698
452	12105.4978130831	0.00082443835126084	0.00087890681322814	86.0870350817218
453	12071.4713888042	0.000827769725103808	0.000881711634183981	85.925967031942
454	12037.4257961561	0.000831120643018049	0.000884573000121876	85.764257766867
455	12003.3694481529	0.000834489886054979	0.000887490114181396	85.602061239737
456	11969.2960737221	0.000837877760401401	0.000890462421087361	85.4392498973743
457	11935.2196936253	0.000841282918529526	0.000893488496522221	85.2758225987452
458	11901.1287998629	0.000844705408085082	0.000896568456480197	85.1119266010109
459	11867.0327616871	0.000848144578482282	0.000899700818574419	84.9474251939708
460	11832.9407519325	0.000851599627357165	0.000902884579340593	84.7824120786563
461	11798.8437460371	0.000855070508557956	0.00090611945473416	84.6168863569193
462	11764.7512100624	0.000858286995768775	0.000909404330980788	84.4507730625549
463	11730.6619998064	0.000860645276906513	0.000912738940039397	84.2841626024704
464	11696.5795402527	0.000863027531803171	0.000916122303846101	84.1170096256183
465	11662.5030600433	0.000865434554192275	0.000919554112118913	83.9493579275347
466	11628.437540675	0.000867866021705567	0.00092303326731393	83.7811676136787
467	11594.3836561109	0.00087032220767746	0.000926559421180437	83.6125089096086
468	11560.3482639884	0.000872803225366995	0.000930131561098997	83.4433992892769
469	11526.3241236266	0.000875309687489152	0.00093374967116458	83.273769647167
470	11492.3191312638	0.000877841336585414	0.000937412981809301	83.1036308205774
471	11458.3341023875	0.000880398470692908	0.000941120888087252	82.9329893447817
472	11424.3666649688	0.000882981378379276	0.00094487298442553	82.761917289445
473	11390.4235316907	0.000885590187792169	0.000948668695233847	82.5904323101621
474	11356.5012085082	0.000888225329974616	0.000952507736008406	82.4184063846414
475	11322.6093608072	0.00089088611890152	0.000956389130312896	82.2459763395479
476	11288.7451006927	0.000893573170649857	0.000960312686134268	82.0731614139545
477	11254.9091628066	0.000896286919166209	0.000964277896305885	81.8998290701288
478	11221.1046533296	0.000899027019635801	0.000968284440226024	81.7261297907573
479	11187.3264333514	0.00090179431422604	0.000972332231358447	81.551991096448
480	11153.5904474883	0.000904587916121514	0.000976419712581506	81.3774336762372
481	11119.8808873379	0.000907409015584187	0.000980548085380409	81.2024549067854
482	11086.2099848158	0.000910257109217598	0.000984715971395032	81.0270834722418
483	11052.5799128781	0.000913132286481825	0.000988922923586375	80.8513144782157
484	11018.9893712071	0.000916034561098561	0.000993168696734283	80.6752094615979
485	10985.4335865134	0.000918964977945302	0.000997453772346213	80.4986744660434
486	10951.9206053202	0.00092145371286135	0.00100177689520072	80.3218364656336
487	10918.445753833	0.000923698796997196	0.0010061385901919	80.1445726923137
488	10885.0219940815	0.000925955930796459	0.00101053719918577	79.9670331641612
489	10851.6426081372	0.00092822598337057	0.00101497342557291	79.7890730182937
490	10818.3025008243	0.000931876900126513	0.00101944723693853	79.6108390007238
491	10785.0130840692	0.000936107752046285	0.00102395757337493	79.4322267397875
492	10751.771258067	0.00094037621290182	0.00102850466280638	79.253295775976
493	10718.5820509741	0.00094468134546886	0.00103308765911705	79.0740643615467
494	10685.4382051798	0.00094902370644277	0.00103770738880605	78.8945289296776
495	10652.34620949	0.000953402502691473	0.0010423627603645	78.7147034025345
496	10619.3067073791	0.000957817651687736	0.00104705377215372	78.5345507811248
497	10586.3162274513	0.000962269659591169	0.00105178054158979	78.3541066300238
498	10553.3844623527	0.000966757081932789	0.00105654204998776	78.1734061139923
499	10520.5073033109	0.000971280874330938	0.00106133859597065	77.9924660704327
500	10487.6824611927	0.000975841115931812	0.00106617033658425	77.8112053998965
501	10454.9163827817	0.000980436727884526	0.00107103650030014	77.6297189102661
502	10422.2052733341	0.000985068887063426	0.00107593726056722	77.448001715923
503	10389.5506990603	0.000989736474604608	0.00108087233185027	77.2660027244743
504	10356.9601956798	0.000994440125485498	0.00108584117068079	77.0837970692643
505	10324.4236278416	0.000999180661113682	0.00109084441304113	76.9013923031815
506	10291.9472907604	0.00100395667043872	0.00109588158570108	76.7187298283184
507	10259.5362453137	0.00100876881653173	0.00110095174950795	76.5358908320142
508	10227.1811401514	0.00101361739690696	0.00110605633385655	76.3528036262065
509	10194.891129221	0.0010185022589308	0.0011111937259337	76.1694961039454
510	10162.6626260749	0.00102342365418207	0.00111636476071156	75.9860329360662
511	10130.499488274	0.00102838162061141	0.0011215687619879	75.802425697207
512	10098.4005122968	0.00103337726858016	0.00112680572588603	75.6186092168884
513	10066.3607231815	0.00103840952755574	0.00113207635044623	75.4345980952753
514	10034.3921205422	0.00104347800999618	0.00113737915272466	75.2504673481644
515	10002.4884737958	0.00104858460092398	0.00114271463106717	75.0661550556798
516	9970.64844978053	0.00105372933708902	0.00114808321394366	74.8817501173575
517	9938.87708361485	0.00105891133745781	0.00115348415669806	74.6971069762775
518	9907.16776055983	0.00106413188645338	0.00115891808425797	74.5123805631026
519	9875.53497915512	0.00106938983858734	0.00116438346332449	74.327580148276
520	9843.96770361625	0.00107468653425187	0.00116988128418056	74.1425744335031
521	9812.46737943088	0.00108002204997472	0.00117541169384838	73.9575004745807
522	9781.03365140545	0.00108539700906805	0.00118097444582416	73.7723181003994
523	9749.67178048259	0.00109081096113353	0.00118656912826541	73.5870763532257
524	9718.38269695722	0.00109626444183095	0.00119219613732528	73.4016791000956
525	9687.15809631959	0.00110077423636179	0.00119755208441637	73.2162452393197
526	9656.01221693443	0.00110526345935509	0.00120245374495278	73.030658784774
527	9624.93061605224	0.00110955887420805	0.0012073833513426	72.8450540548725
528	9593.92016338145	0.00111387445499986	0.00121234065143608	72.6593876314434
529	9562.98482696581	0.00111821027139402	0.00121732527215794	72.4736533997944
530	9532.12183755192	0.00112256681869327	0.00122233797040728	72.2878635311642
531	9501.33015055158	0.00112694488296911	0.00122737904807809	72.1020232238576
532	9470.60890223658	0.00113134481151992	0.00123244939997991	71.9161478702069
533	9439.96479465477	0.00113576631155876	0.00123754774941222	71.7302370878751
534	9409.38754515305	0.00114021099121197	0.00124267608766697	71.5442989175314
535	9378.88955739718	0.00114467821379468	0.00124783315484781	71.3583412540736
536	9348.46381586746	0.00114916842912395	0.00125301989284985	71.1723814365656
537	9318.11175234316	0.00115368221205511	0.00125823628934941	70.9863563812465
538	9287.83136625813	0.00115822036743754	0.00126348285711119	70.8003943467652
539	9257.62927168182	0.00116278231935862	0.0012687589385526	70.6143772518351
540	9227.49942156252	0.00116736891282821	0.00127406553339653	70.4284568751539
541	9197.44458241134	0.001171980847311	0.0012794023641752	70.2424859448938
542	9167.46271795759	0.00117661825192153	0.00128476992737055	70.0565540770855
543	9137.56196541191	0.00118128022905502	0.00129016725032446	69.8706646796518
544	9107.73407228097	0.00118596890014329	0.00129559548391198	69.6847597010878
545	9077.98096331903	0.00119068346416865	0.00130105467826624	69.4988986011088
546	9048.30273081833	0.00119542540221406	0.001306544805949	69.3131037832903
547	9018.69802537956	0.00120019375744503	0.00131206614999512	69.1273796921622
548	8989.17537174574	0.00120498868267429	0.00131761768769787	68.9416688186464
549	8959.72479997169	0.00120981158089236	0.00132320086505969	68.7560365513722
550	8930.35554823937	0.00121478666447561	0.00132881441353443	68.5704942250971
551	8901.06171535502	0.00122105115594926	0.00133445947067693	68.3849777290175
552	8871.83955286143	0.00122736064194996	0.00134013636682487	68.1995698414157
553	8842.70116617404	0.00123371402240342	0.00134584355554371	68.0142643967501
554	8813.63552164968	0.00124011257250694	0.00135158251725708	67.8290083747731
555	8784.64685488282	0.0012465561788288	0.00135735291004867	67.6438692165374
556	8755.73406195199	0.0012530451240474	0.00136315495547288	67.4587977034295
557	8726.90314167431	0.00125957863305525	0.00136898760158771	67.2737931327392
558	8698.15049370377	0.00126615733712921	0.00137485153853833	67.0890031903574
559	8669.47077180214	0.00127278205971881	0.0013807475286674	66.9042157841608
560	8640.87031964823	0.00127945212239416	0.00138667471560489	66.7195755883288
561	8612.34834302929	0.00128616770333102	0.00139263310376243	66.5351080066928
562	8583.90251500356	0.00129292911994586	0.00139862305145514	66.3507206707821
563	8555.53456138351	0.00129973632872229	0.00140464440809829	66.166450869562
564	8527.24619713676	0.00130658888559321	0.00141069667062672	65.9823515211764
565	8499.03570954431	0.00131348774890373	0.00141678065221947	65.7983702240725
566	8470.90368817275	0.00132043256002289	0.00142289597972727	65.6145671387587
567	8442.84646174554	0.00132742437921401	0.00142904363084675	65.4308373305717
568	8414.86869970578	0.00133446226453682	0.00143522249376203	65.2472993937884
569	8386.97498374675	0.00134154588530691	0.00144143202851626	65.0639608191377
570	8359.1532736688	0.0013486770425418	0.00144767428880136	64.8807692798799
571	8331.41003196988	0.00135585513611148	0.00145394837371589	64.6976573410603
572	8303.74689986543	0.00136307968236273	0.00146025373502374	64.514836609218
573	8276.16192597363	0.00137035124050053	0.00146659083454479	64.3321091170224
574	8248.6555299864	0.00137766941693752	0.00147295923786486	64.1496071637713
575	8221.22610936398	0.00138503486261496	0.00147935955707825	63.9672091759032
576	8193.87595058187	0.0013924469655407	0.00148579095192266	63.7850537374395
577	8166.60215809222	0.00139990615215393	0.00149225414381893	63.6030762279282
578	8139.41070389129	0.00140739341062863	0.00149875180084762	63.4213487623255
579	8112.29387030705	0.00141493880140475	0.00150529107822233	63.2397440579778
580	8085.25578077104	0.00142254144499695	0.00151187078027568	63.0584056742295
581	8058.29781322721	0.00143020111341839	0.00151849004482789	62.8771954381477
582	8031.41828625033	0.00143791806482873	0.0015251491083591	62.6962537878239
583	8004.61755390409	0.00144569186762443	0.00153184713409209	62.5154645565965
584	7977.892126571	0.00145352342045121	0.00153858498331381	62.3349440806212
585	7951.24950638101	0.00146141149299823	0.00154536114245539	62.1546538018789
586	7924.68343741679	0.00146935746233312	0.00155217683247316	61.9745141700748
587	7898.1974701199	0.00147736094721051	0.00155903141964605	61.7946710844327
588	7871.79251590527	0.00148542114466919	0.00156592396694411	61.6150580624448
589	7845.46581488585	0.00149353909362914	0.00157285532302519	61.4356199445986
590	7819.21540892583	0.00150171456253989	0.00157982513216062	61.2564911962008
591	7793.0467495618	0.00150994663680659	0.00158683238663747	61.0775337566752
592	7766.95576737971	0.00151823572569945	0.00159387732334475	60.8988296804009
593	7740.94647228366	0.00152658118070685	0.00160095927604464	60.7204533936099
594	7715.0159768858	0.00153498372816902	0.00160807891264777	60.5422625370277
595	7689.1630019514	0.00154344355494856	0.00161523607521615	60.364330639547
596	7663.39240588547	0.00155195933414772	0.00162242961222392	60.1866156006043
597	7637.7011601741	0.00156053132352607	0.00162965953072115	60.0092288910603
598	7612.08464684563	0.00156916109888624	0.00163692738240002	59.8320492338807
599	7586.55039921681	0.00157784572023596	0.00164422864309071	59.6551514261499
600	7561.0964793203	0.00158658409285703	0.00165156555475695	59.4785381573951
601	7535.71884400737	0.00159537865794884	0.00165893871295497	59.3022108896932
602	7510.42218583333	0.00160423003405673	0.00166634458533122	59.1261052092332
603	7485.20085730442	0.00161313277351179	0.00167378648727165	58.9502923575367
604	7460.0615551346	0.00162209053321175	0.0016812632691888	58.7747848996716
605	7434.99618067762	0.00163110533316052	0.00168877317114958	58.5995132977529
606	7410.01214263994	0.00164016975112662	0.0016963169519638	58.4245417480153
607	7385.10802974018	0.00164928871049782	0.00170389561751197	58.2498763170249
608	7360.27811391199	0.00165846342617054	0.00171150570107368	58.0755320164652
609	7335.52779909615	0.00166768574941807	0.00171914820294303	57.9014299361122
610	7310.85277415229	0.00167694382674197	0.00172682379035662	57.727591483847
611	7286.25724066107	0.00168627557839452	0.001734535725936	57.5540672598742
612	7261.73902480033	0.00169565773203057	0.00174227850576121	57.380872158833
613	7237.29802125104	0.00170508811502323	0.00175004566533554	57.2080112338847
614	7212.93324610544	0.00171456161973007	0.00175784157749559	57.0353395182131
615	7188.64676974505	0.00172408164046911	0.00176566537575599	56.8630862451779
616	7164.4347921531	0.00173364503766415	0.00177350994080646	56.6910897650233
617	7140.30082233514	0.00174324638220353	0.00178078664579686	56.5193769825148
618	7116.24611333173	0.00175288980882348	0.00178794085406307	56.3480067857292
619	7092.26429465868	0.00176257102707134	0.0017951081493077	56.1769211300813
620	7068.35878924142	0.00177228548866031	0.00180228551580886	56.0061941043799
621	7044.52977557719	0.00178203714269645	0.00180947167905378	55.8357449665151
622	7020.77790672286	0.0017918182561245	0.00181640342025947	55.6656555313546
623	6997.10097437618	0.00180162694889473	0.00182142818841766	55.4958670221514
624	6973.50024461968	0.00181144305394843	0.00182648768772079	55.3264352999102
625	6949.97609928886	0.00182131029562712	0.00183158181509732	55.1572395386487
626	6926.52532213065	0.00182696342238019	0.00183594536738701	54.9884759201741
627	6903.15219647238	0.00183110308208961	0.00184020335955567	54.8199552702143
628	6879.85150079017	0.00183527834562309	0.00184451489581494	54.6518044250366
629	6856.62750977669	0.00183948867073604	0.00184887900199856	54.4839684620594
630	6833.47653742096	0.00184373563454036	0.00185329757009323	54.3165087939655
631	6810.40088479819	0.00184801947856736	0.00185777194166902	54.1493035684847
632	6787.40229243446	0.00185233997404129	0.00186230171743002	53.9824897537711
633	6764.47481012429	0.00185669881751046	0.00186689006195686	53.8160502647467
634	6741.62403969208	0.00186109525505392	0.0018715356913116	53.649873407622
635	6718.8440371426	0.00186553108012387	0.00187624107993963	53.4840823954851
636	6696.14142706873	0.00187000373145045	0.00188100566135331	53.3186300390938
637	6673.51113021774	0.00187451562584716	0.00188583032021139	53.1535033673906
638	6650.9537129446	0.00187906556459391	0.00189071666191509	52.9887132097022
639	6628.46906250105	0.00188365369650963	0.00189566461101866	52.8243241109065
640	6606.05912267909	0.00188827960396977	0.00190067413148348	52.660271034713
641	6583.72114366807	0.00189294245192932	0.00190574631976613	52.4964960909224
642	6561.45580160247	0.00189764248519942	0.00191088145950174	52.3331224976009
643	6539.26389344073	0.00190237891860184	0.00191607974181409	52.1701032494073
644	6517.14321308259	0.00190715146786999	0.00192134180373197	52.0074888520376
645	6495.09493522111	0.00191195897012846	0.00192666749094842	51.8451678989081
646	6473.11887011948	0.00191680127356748	0.00193205741444206	51.6831898622904
647	6451.2145125081	0.0019216773703384	0.00193751134266768	51.5216313883939
648	6429.38245482332	0.00192658668786381	0.00194302968016979	51.3603693277463
649	6407.62155925913	0.00193152845748967	0.00194861271687279	51.1994589650125
650	6385.93235726828	0.0019354329104468	0.00195425998459	51.0389769675615
651	6364.31362014766	0.00193827757003692	0.00195997270572059	50.8787902390662
652	6342.76498093503	0.00194117241116481	0.00196575012872755	50.7190295572439
653	6321.28854888075	0.0019441182052549	0.00197159199273917	50.5595728810051
654	6299.88201745477	0.00194711751091204	0.00197749879647672	50.4005493420237
655	6278.54474946609	0.00195017101873344	0.00198347093524344	50.2418231229963
656	6257.27881941707	0.00195327922514552	0.00198950776555212	50.0834729589117
657	6236.08337413218	0.00195644287485258	0.00199560903803347	49.9255631931027
658	6214.95563667785	0.00195966413654725	0.00200177574822976	49.767959668925
659	6193.89876139347	0.00196294340609222	0.00200800722607876	49.6107310234549
660	6172.9120060259	0.00196628065132786	0.00201430274310065	49.4538823629274
661	6151.99280203901	0.00196967850806435	0.00202066332935823	49.2973452525176
662	6131.14378910487	0.00197313634538005	0.00202708811360599	49.1412600823781
663	6110.36255183217	0.00197665570541646	0.00203357778241535	48.9854883354101
664	6089.65066286213	0.00198023753625433	0.00204013106738029	48.8301714753782
665	6069.00716427347	0.00198388207733179	0.00204674854031704	48.675171297694
666	6048.43208442173	0.00198759075068464	0.00205343007411917	48.5205614141109
667	6027.92410973733	0.0019913641197071	0.00206017560884254	48.3663373055888
668	6007.48450316401	0.00199520312625046	0.00206698480348513	48.2124390060372
669	5987.11182300136	0.00199910845452647	0.002073857186385	48.0589285850847
670	5966.80744767643	0.00200308040792113	0.002080793780312	47.9058199288177
671	5946.56983218977	0.00200712046743484	0.00208779281028708	47.7531008207169
672	5926.39926435157	0.00201122895905802	0.00209485553476425	47.6007181526076
673	5906.2956633227	0.00201540619813324	0.00210198071864401	47.4487913230759
674	5886.25901345147	0.00201965303217782	0.00210916830163123	47.2972049598871
675	5866.28760938936	0.00202397067600392	0.00211641925793595	47.1459470094847
676	5846.38369968687	0.0020283604744554	0.00212373238191338	46.9950979930316
677	5826.5449819244	0.00203282123850865	0.00213110665189219	46.8446445819895
678	5806.77294652609	0.00203735515564045	0.00213854432397461	46.6946015761493
679	5787.06654083225	0.00204196111002072	0.00214604302755215	46.5448972407984
680	5767.42464043019	0.00204664234049398	0.00215360400582045	46.3955958867233
681	5747.8480173533	0.00205139776219354	0.0021612262405298	46.246638267344
682	5728.33729666184	0.002056228021716	0.00216726571228518	46.0981542010093
683	5708.89099094143	0.00206113444482191	0.00217204805810002	45.9499459855883
684	5689.50986754284	0.0020661166382136	0.00217687108528914	45.8021519955483
685	5670.19316823282	0.00207117629079086	0.00218173751957635	45.6547713329326
686	5650.94124754018	0.00207631332942041	0.00218664946339684	45.5078106093506
687	5631.75253594149	0.00208152858324837	0.00219161044403184	45.3611220034554
688	5612.62876000423	0.00208682217471827	0.00219662159790086	45.2149210126111
689	5593.56825619745	0.00209219611179645	0.00220168675262653	45.0690642393552
690	5574.57238555451	0.00209764893084322	0.00220680717193434	44.9235663923739
691	5555.638975007	0.0021031831506857	0.00221198626491363	44.7784810450721
692	5536.77005918993	0.00210879808922494	0.00221722560236238	44.6338187361951
693	5517.96348603357	0.00211449423088008	0.00222252749296205	44.4894438980929
694	5499.22018562998	0.00212027248900181	0.00222789472052266	44.3455614183277
695	5480.54034443678	0.00212613372881675	0.00223332885886353	44.2020273349455
696	5461.92193412622	0.00213207780264499	0.00223883232868808	44.0588492858257
697	5443.36737951383	0.00213810574787136	0.00224440699616212	43.9160358898574
698	5424.87484838685	0.00214421755412636	0.0022500545029214	43.77370656594
699	5406.44361981401	0.00215041420521226	0.00225577736517526	43.6316726935688
700	5388.07563500403	0.00215669592589383	0.0022615766638751	43.4900671785318
701	5369.76925706324	0.00216306321837767	0.00226745460673556	43.3488214671632
702	5351.5238100193	0.00216951711366086	0.00227341278860226	43.2080056967972
703	5333.34039561548	0.00217605672306698	0.00227945231343776	43.0675489692779
704	5315.21792097102	0.00218268430072184	0.00228557510266627	42.9274546796166
705	5297.15749629366	0.00218939839045659	0.00229178194495469	42.7877965467417
706	5279.15745314804	0.00219620066489285	0.00229807473309015	42.6484330378975
707	5261.21862250914	0.00220309105536965	0.00230445438892985	42.5095665193074
708	5243.33992113911	0.00221007049896713	0.00231092244330409	42.3709999901769
709	5225.52220248243	0.00221713858312213	0.00231533278442193	42.2328640729116
710	5207.76427376711	0.00222429676826403	0.00231901400864082	42.0950992174598
711	5190.06723889374	0.00223154390329837	0.00232274659913209	41.9577648707634
712	5172.42898970305	0.00223888211027515	0.00232653346548192	41.8207347481374
713	5154.8512940053	0.00224631077470174	0.00233037580366809	41.684137186153
714	5137.33350734505	0.00225382953309819	0.00233427582581972	41.5479127312877
715	5119.87519865226	0.002261440285303	0.00233823591857494	41.4120572325212
716	5102.47560649449	0.00226914214190516	0.00234225682065764	41.2766361580907
717	5085.13500389558	0.00227693660136565	0.00234634158772427	41.1415866746487
718	5067.85369108315	0.00228482228920133	0.00235049062057435	41.0069076106499
719	5050.63125100117	0.0022928001308881	0.00235470616214866	40.8726052078526
720	5033.46661340104	0.00229564159414174	0.00235898974385475	40.7386694929855
721	5016.36104221637	0.00229735903397216	0.00236334227634161	40.6051122195642
722	4999.31332711549	0.00229918275744746	0.00236776621864203	40.4719876388051
723	4982.32480105442	0.00230111238468517	0.00237226109236052	40.3392424266367
724	4965.3932016708	0.00230315202437409	0.00237682988667021	40.2068014694855
725	4948.51954632544	0.00230530198280675	0.00238147326755128	40.0748017416175
726	4931.70326773357	0.00230756520779481	0.00238619184836406	39.9431806825336
727	4914.94432807656	0.00230994160191244	0.00239098734862413	39.8119292976938
728	4898.24293620692	0.00231243489076091	0.00239586064469249	39.6811245087667
729	4881.59764627321	0.00231504415332965	0.00240081233399664	39.5506240540033
730	4865.01036133433	0.00231777226296913	0.00240584334614528	39.4205029783542
731	4848.47920413965	0.0023206208997449	0.00241095541490977	39.2907586605831
732	4832.00451990555	0.00232359005153616	0.00241614866722554	39.1614541526751
733	4815.5864142699	0.00232668083844852	0.00242142364239033	39.0324681244931
734	4799.22434440022	0.00232989486313636	0.00242678149736494	38.9039206595563
735	4782.91863994842	0.00233323252682888	0.00243222208152577	38.7756862981877
736	4766.66805455667	0.00233669605983243	0.00243774759943003	38.6478928788761
737	4750.47434542098	0.00234028463432903	0.00244335715661279	38.5204143684831
738	4734.33525400611	0.00234399980066408	0.00244905235177362	38.3933124742193
739	4718.25167732387	0.00234784242336492	0.00245483348220123	38.2666601015079
740	4702.22287019472	0.00235181334778843	0.00246070068925317	38.1403153663476
741	4686.2491705721	0.00235591293393607	0.00246665478204393	38.0143471002127
742	4670.33024201655	0.00236014079750698	0.00247269564342382	37.8888281810486
743	4654.46627641482	0.00236449889867948	0.0024788239968109	37.7636263387457
744	4638.65625852295	0.00236898757627838	0.00248504080261248	37.6387970044643
745	4622.90071181481	0.00237360638894255	0.0024913456249751	37.5143495280111
746	4607.20011353236	0.00237811944883776	0.00249773827270201	37.3902877031251
747	4591.55217315317	0.00238111794521264	0.00250422059173964	37.2666018424018
748	4575.95815740476	0.00238423384741861	0.00251079175707618	37.1432277227477
749	4560.41858638259	0.00238746842426531	0.0025174518535906	37.0203030008934
750	4544.93136317776	0.00239082394402981	0.00252420233349254	36.8976935143803
751	4529.49767701209	0.00239429964636307	0.00253104215269513	36.7754580554513
752	4514.11759756545	0.002397896535771	0.00253797135054315	36.6536091151826
753	4498.79067928105	0.00240161607025208	0.00254499054099343	36.5321438555736
754	4483.51596654669	0.00240545854529004	0.00255209984097964	36.41105637726
755	4468.29357424241	0.00240942497959886	0.00255929961016066	36.2902815441324
756	4453.1241992753	0.00241351664613171	0.00256658970926572	36.1699551339821
757	4438.00602937366	0.00241773303809328	0.00257397023937819	36.0499403074851
758	4423.09128009676	0.00242199297540299	0.0025813531442105	35.9310653398243
759	4408.47418163212	0.00242624309852685	0.00258868094687132	35.813713878457
760	4394.15056387782	0.0024304848546928	0.00259595371603242	35.6980756235117
761	4380.11972539657	0.00243471555162976	0.00260316848268168	35.5840656360623
762	4366.37069573577	0.00243894117616944	0.00261032997021044	35.4717084932372
763	4352.90506208549	0.00244315747289404	0.00261743335955205	35.3609778393201
764	4339.72796102552	0.00244736116459059	0.00262447389330446	35.2520410333095
765	4326.76930473797	0.00245487908612474	0.00263231217720874	35.1447553744183
766	4314.01343225588	0.0024593978514434	0.00263714044563881	35.0387654450447
767	4301.52072701005	0.00246184121703103	0.00263884659221539	34.9343243237146
768	4289.29812228047	0.0024599974492928	0.00263779615681564	34.8315405679843
769	4277.32069812619	0.00245642465450113	0.002635100260991	34.7301535411551
770	4265.6066736561	0.00245116565438964	0.00263077122846364	34.6306069368077
771	4254.11403715299	0.00244411554336656	0.00262537892896321	34.532352034674
772	4242.88227429184	0.00244114831007461	0.002618724435871	34.43576057829
773	4231.85919440403	0.00244179797020531	0.00261116758933876	34.3404577715402
774	4221.08301854464	0.00244102539075156	0.00260282711219025	34.246949797154
775	4210.52779618542	0.00244067632037793	0.00259385441121663	34.1542062925442
776	4200.19959613886	0.00243976986651508	0.00258476547189803	34.063358289037
777	4190.06624849582	0.0024386201394705	0.00257536021087071	33.9737503699664
778	4180.17216308829	0.00243708261891278	0.00256566576282053	33.8857300696278
779	4170.48313300513	0.00243526306335572	0.00255590580234186	33.7992524183148
780	4160.98505165939	0.00243330188833075	0.00254493750912218	33.7135396641148
781	4151.6999146038	0.00243109606984591	0.00252269547752496	33.6295437832637
782	4142.58513177761	0.00242895830839019	0.00250078946219726	33.5464274172169
783	4133.67522891032	0.00242724319981136	0.00247887086504378	33.46495613594
784	4124.94175544461	0.0024231794448749	0.0024575024283117	33.3846373386812
785	4116.37135111777	0.00240451743244629	0.00243648942846859	33.3054244285441
786	4107.98344587938	0.00237821675440347	0.00241584686638386	33.22773888191
787	4099.81030969702	0.00235263106470578	0.00239512570720747	33.1506796510766
788	4091.77248962738	0.00232584226596454	0.00237555855345181	33.0750788816506
789	4083.90724154217	0.00230105567401995	0.00235644713279777	33.0007821074116
790	4076.23165693997	0.00227500734416911	0.00233792125321331	32.9280346278018
791	4068.73114169363	0.00225117590841471	0.0023258184283739	32.8558969053513
792	4061.35652498414	0.00222602727014972	0.00232286192695103	32.7852871526985
793	4054.12052782152	0.00220337848627924	0.00232013492156194	32.7150438654133
794	4047.06550677434	0.00217868026794924	0.00231765248335469	32.6467083613909
795	4040.13490235433	0.00215643154243053	0.00231519209171574	32.5782804039398
796	4033.34674756602	0.00213586790215957	0.00231317713819962	32.5115258491225
797	4026.74291526554	0.00211366885016079	0.00231126170013418	32.4461225823424
798	4020.26828178386	0.00210681060570123	0.00230962458518611	32.3816030285889
799	4013.94014641801	0.0020990288554992	0.00230808192685542	32.3185142065281
800	4007.73909791836	0.0020924369949463	0.0023066574886201	32.2556172864828
801	4001.67161853728	0.00208705864009338	0.00230547082329928	32.1944856733944
802	3995.73545419568	0.00208008102422042	0.00230422207830528	32.1336113590376
803	3989.88446790918	0.00207519467255957	0.00230342182457461	32.0737401516037
804	3984.16593577261	0.00206876203255173	0.00230282506004366	32.0149680644945
805	3978.57907698192	0.00206349550821555	0.00230224434651076	31.9567770968468
806	3973.1231134141	0.00205941238165593	0.00230200942447318	31.8998868247975
807	3967.80319519085	0.00205367635907281	0.00230179958976338	31.8444124975141
808	3962.55345910899	0.0020491938633506	0.00230163940074591	31.7887118209122
809	3957.45354950048	0.00204580280306516	0.00230164491462177	31.7345885654616
810	3952.42712545924	0.00204083344545129	0.00230185635443302	31.6811437673428
811	3947.533324647	0.00203623883542231	0.00230215320680801	31.628716663191
812	3942.71416562949	0.00203285661585291	0.0023026187364884	31.5773533445693
813	3938.02785337763	0.00203061540410874	0.00230289735632969	31.5262162288658
814	3933.414978065	0.00202673266484273	0.00230350559706138	31.4760361761217
815	3928.93838911411	0.00202395638072726	0.00230420306039496	31.4274853139332
816	3924.53281919581	0.00202232181867322	0.00230485461561511	31.3786467020435
817	3920.19895970181	0.0020198007357306	0.002305783594207	31.3304937053154
818	3915.95277917389	0.002016668813079	0.00230685441684777	31.2834538849352
819	3911.8401526626	0.0020146696235142	0.00230798078863395	31.2373360825916
820	3907.80240408997	0.00201379282440912	0.00230920288329583	31.1924854060548
821	3903.83638594009	0.002012000444276	0.00231032830289115	31.1474712317353
822	3899.94211770536	0.0020096412725595	0.00231169095019524	31.1033723688576
823	3896.12250901386	0.00200842444422408	0.00231312616032754	31.0605561320218
824	3892.43463703407	0.00200821248494776	0.00231439385717041	31.0178851453519
825	3888.81920359369	0.00200704835429167	0.00231588516812819	30.9762024412461
826	3885.27603116442	0.00200530358740249	0.00231743151746233	30.9352176977748
827	3881.80748019513	0.0020046718547255	0.00231903072382393	30.8955154699417
828	3878.41087485377	0.0020041911026974	0.00232049941020163	30.8558594550773
829	3875.08517593629	0.00200477257770793	0.00232202798751387	30.8164819455375
830	3871.82912133587	0.00200438592476735	0.00232374539548174	30.7777790500435
831	3868.64534474124	0.00200413948822838	0.00232563199730139	30.7400697950572
832	3865.53276890204	0.00200327681788191	0.00232753002400119	30.7031079597584
833	3862.49116399171	0.00200348754137115	0.00232944033604184	30.6667618259995
834	3859.40780353269	0.00200316717089704	0.00233146649714962	30.6311281133925
835	3856.45301401535	0.00200386218085137	0.0023332671647787	30.5957180346458
836	3853.56604298548	0.0020046659379207	0.00233509666151299	30.5605418424284
837	3850.75029638027	0.00200556894764368	0.00233708485666181	30.5264748672789
838	3848.00601650799	0.00200656891694896	0.00233907230047538	30.4931433214306
839	3845.33272941709	0.00200855225818004	0.00234106159143431	30.4608734836494
840	3842.67236045501	0.00200954044775291	0.00234292406844834	30.4283935751997
841	3840.06821754817	0.00201066962223767	0.00234487224811814	30.3963326680365
842	3837.53238629066	0.00201188709085144	0.00234681568684369	30.3649989231091
843	3835.0636459072	0.00201242815965732	0.00234875815778332	30.3338703357552
844	3832.5530082995	0.00201408836193774	0.00235093496171711	30.3032348931634
845	3830.16622960383	0.00201578529073992	0.00235303503818375	30.2735028281186
846	3827.84713174376	0.00201753529010476	0.00235511811583762	30.2443108222227
847	3825.54242520511	0.00201937304067664	0.00235722987751483	30.2154210395575
848	3823.30394940009	0.0020212690612296	0.00235937662038229	30.1872362697197
849	3821.13409351027	0.00202321722902039	0.00236148837715599	30.1602029851306
850	3818.92507105436	0.0020253217336088	0.00236355150817233	30.1327048762925
851	3816.83672148435	0.00202578791151706	0.00236548600371082	30.1060187777544
852	3814.76143270646	0.00202620447747039	0.00236752091331133	30.0796721026774
853	3812.73845053545	0.00202676190586028	0.00236953486205058	30.0536998590583
854	3810.78243623018	0.00202741052528221	0.00237152652176102	30.0284235779632
855	3808.78746859971	0.00202823715329412	0.00237369527359296	30.0032314166888
856	3806.90826377922	0.00202909574685599	0.00237571045292673	29.9787745297504
857	3804.99333530516	0.00203009863364097	0.0023778474148555	29.9544733089908
858	3803.19219202891	0.00203113012447592	0.0023798425420133	29.9310050950945
859	3801.35766180622	0.00203229465643736	0.00238195598858256	29.9076000774997
860	3799.63438697039	0.00203349453284797	0.00238397841625707	29.8849091213742
861	3797.86344140245	0.0020348590348965	0.00238616469981463	29.8622331470819
862	3796.20520063904	0.00203623672264902	0.00238814367071237	29.8402659695803
863	3794.51187763637	0.00203773045650986	0.00239028905627655	29.8183558287942
864	3792.92983224279	0.00203923247347059	0.00239227951975079	29.797272030172
865	3791.30113667853	0.00204090557311208	0.00239443066352924	29.7762182129527
866	3789.70149863331	0.0020425768312655	0.00239650225868697	29.755426743664
867	3788.20691854914	0.00204426218395157	0.0023984932693865	29.7354498357911
868	3786.67003070584	0.00204417982655881	0.00240062960448146	29.7154896680292
869	3785.23762136473	0.00204634309436137	0.0024026110038538	29.6962411201515
870	3783.76357315953	0.00204861727149893	0.00240473715010507	29.6769903488752
871	3782.31676347908	0.00205086793459398	0.00240682705162394	29.6581168270253
872	3780.97056319023	0.00205310062638594	0.00240878461565634	29.6393039366365
873	3779.58285832553	0.00205543651466129	0.00241104946029636	29.6211130014459
874	3778.26526512009	0.00205771602525974	0.0024131737196657	29.6034365092576
875	3776.99387159131	0.00206004062642381	0.00241524791678981	29.586185927206
876	3775.68339518348	0.00206247459046261	0.00241743651251632	29.5689743590933
877	3774.39952380033	0.00206695414742108	0.00241957459280237	29.5519480557277
878	3773.21191950583	0.00206896262330865	0.00242156791982407	29.5355886236821
879	3771.98920357979	0.00207109786998637	0.00242367454755864	29.519694959519
880	3770.77865852832	0.0020732785603719	0.00242566143551299	29.5030758341533
881	3769.66622676141	0.00207350155711461	0.00242762519190922	29.4881598093446
882	3768.51374370009	0.00207610383734579	0.00242954968922003	29.4722069081857
883	3767.37638792086	0.00207872083417691	0.00243165539196135	29.4570013014276
884	3766.25453887997	0.00208134095427314	0.00243375838494795	29.442021907595
885	3765.19857137527	0.00208597179688935	0.00243568776072879	29.4279655023377
886	3764.1796665	0.00208627570678634	0.00243749832872591	29.4132306598135
887	3763.14229913259	0.00209081582527443	0.00243956186917331	29.3997764044395
888	3762.10474845862	0.00209123566109411	0.00244146785415394	29.3853034761606
889	3761.08316645008	0.00209585311869158	0.00244346962732488	29.3716472943614
890	3760.12228935258	0.00209621927445014	0.0024453989454358	29.358343516347
891	3759.20029342755	0.00209889505490777	0.00244727253934209	29.3454827559361
892	3758.25946752137	0.00210159252849133	0.00244922043771976	29.3331147998291
893	3757.32201138334	0.00210642184306647	0.00245103944332747	29.3204397570539
894	3756.40082913946	0.00210688957975379	0.00245285929101832	29.3084361272833
895	3755.49469681617	0.0021096286495284	0.00245452011278591	29.2961857798427
896	3754.60061818963	0.00211236315094231	0.00245618429942861	29.2835097643877
897	3753.72080196661	0.00211509645073045	0.00245799650705954	29.2715789186028
898	3752.91767725559	0.0021177799095669	0.00245968240973483	29.260110165697
899	3752.09002456439	0.00212052715026744	0.00246148015813371	29.2493044159711
900	3751.26179867916	0.00212348255131076	0.00246313196520947	29.2375960444478
901	3750.44815853557	0.00212817462490702	0.00246495742213992	29.2266195474022
902	3749.64808767664	0.00213060777166146	0.00246677458382973	29.2158039145621
903	3748.8619015909	0.00213113402590262	0.00246837729945639	29.205023337949
904	3748.09149994872	0.002133922023303	0.00246902507450267	29.1951002773471
905	3747.3336658817	0.00213669928137309	0.00247063824138958	29.1848286954626
906	3746.58800029812	0.00213961732117183	0.00247339241109597	29.1740746415934
907	3745.85437543662	0.00214234850875968	0.00247604721464108	29.1640112945307
908	3745.13513208178	0.00214506771567427	0.00247872387111719	29.1541514543942
909	3744.45564261419	0.00214791118407499	0.00248118204046978	29.1448049163089
910	3743.80768932498	0.00215059704844833	0.00248368483014085	29.1359892994415
911	3743.13391000172	0.00215524944597135	0.00248646223803035	29.1265055874761
912	3742.46831628701	0.00215765021039436	0.00248888007245335	29.1165157409574
913	3741.80553940378	0.00215642880713717	0.00249094514054414	29.1072344686039
914	3741.15192559721	0.00215953769239682	0.00249434336226396	29.0980568308749
915	3740.51012805491	0.00216260718990738	0.00249742744888115	29.0889575456476
916	3739.87842492425	0.00216564682446839	0.00250040144192542	29.0800035390611
917	3739.26586642852	0.00217053062618144	0.0025032641075277	29.0708856153267
918	3738.68650356848	0.00217312279781515	0.00250556161633941	29.0621777063305
919	3738.13036844835	0.00217574485647815	0.00250780871646401	29.0537969538684
920	3737.56056425477	0.00217676223631826	0.0025102194656489	29.0458340562486
921	3736.99048326191	0.00217971060755437	0.00251311641015498	29.0373864226137
922	3736.41812257639	0.00218267548435248	0.00251607408479932	29.0288717776345
923	3735.85265087936	0.00218561637551438	0.0025190914366488	29.0203612863207
924	3735.30111994789	0.00218848846432723	0.00252160124998022	29.011611631496
925	3734.75651306304	0.00219133427717884	0.0025241545496974	29.0032641227562
926	3734.21771085776	0.00219415724686595	0.00252662493010126	28.994950465417
927	3733.72703948181	0.0021969365987747	0.00252913754051648	28.9868090410521
928	3733.20975381782	0.00219974700140222	0.00253149191896276	28.9785733659671
929	3732.69580982144	0.00220283988622399	0.00253396161138366	28.9702476789349
930	3732.22602133972	0.00220745248675293	0.00253623303755125	28.962139964462
931	3731.73715114689	0.00220981033888063	0.00253818122599634	28.9538530037445
932	3731.25120768513	0.0022121787237654	0.00254003482299987	28.9458034954265
933	3730.76654887498	0.00221455208009195	0.00254213285390701	28.9374643470543
934	3730.32000273756	0.00221690563776014	0.00254388857438489	28.9292429469993
935	3729.87276308253	0.00221926426090875	0.00254561295287562	28.9210221234408
936	3729.43361806288	0.0022216578898595	0.00254729171197476	28.9126687578792
937	3728.97157211803	0.0022243677145101	0.00254914261977106	28.9041009459948
938	3728.5442103589	0.00222671222943597	0.00255052611145577	28.8956696157004
939	3728.09289357819	0.00222907553661874	0.00255234070382124	28.8870459819971
940	3727.67351301442	0.00222936094614752	0.00255403370398102	28.8785054037461
941	3727.26491408654	0.0022320539731096	0.00255595320710161	28.8698114324574
942	3726.86460232666	0.00223487616290533	0.00255778500420642	28.8606332176753
943	3726.43608864882	0.0022394290178596	0.00255967363683196	28.8514557854559
944	3726.03328020496	0.0022417021316836	0.00256101201641138	28.8423996423987
945	3725.63919682948	0.00224412175254948	0.00256218080296546	28.8337888782488
946	3725.24994890552	0.00224430813325795	0.0025635465484295	28.8246157732879
947	3724.86428734357	0.00224691120373172	0.00256493334798936	28.8152110813377
948	3724.48123841547	0.00225155576061654	0.00256667970782679	28.8057180242051
949	3724.100267169	0.00225185206963012	0.00256770169207985	28.7963755864092
950	3723.73676779692	0.00225628955979883	0.00256929752252265	28.7867136316116
951	3723.37075368944	0.00225655934663674	0.00257021051008979	28.7765995764482
952	3723.00231679505	0.00225907397910197	0.00257155951378583	28.7666622318927
953	3722.64993279175	0.00226155857906054	0.00257263795269933	28.757060733925
954	3722.29330535244	0.0022640304793314	0.00257366170563659	28.7470500823038
955	3721.94822848575	0.00226647536661947	0.00257462124547188	28.7368143283912
956	3721.60504810774	0.00226886254717442	0.00257552560480123	28.7265680023043
957	3721.26993285845	0.00227122540433722	0.00257636977932948	28.7160538389775
958	3720.94434268293	0.00227356225790211	0.00257696964300919	28.7056768080967
959	3720.60753891208	0.00227588900280038	0.00257753867525959	28.694908702714
960	3720.27690590332	0.00227819457159013	0.00257806396299673	28.6841071052376
961	3719.95124594004	0.00228047684124307	0.00257869881634481	28.6730292934299
962	3719.63815083731	0.00228269867463266	0.0025788081084971	28.6621522807417
963	3719.32721798501	0.00228490020399117	0.00257889180617399	28.6509149675818
964	3719.01915692633	0.00228708855291598	0.00257894952800607	28.6396999347956
965	3718.71141699058	0.00229116653057898	0.00257893678813747	28.628329866788
966	3718.41013941625	0.00229294714553726	0.00257832429533336	28.6163169807656
967	3718.10774789851	0.00229473607847351	0.00257776776016452	28.6048623841141
968	3717.82378944911	0.00229651264751626	0.0025772168208736	28.5930974458343
969	3717.53673718549	0.00229623688797136	0.00257631907249192	28.5814826489986
970	3717.25638376526	0.00229833175812576	0.00257593015310565	28.5698485868934
971	3716.97073115103	0.00230040487702059	0.00257566928236991	28.5576240031122
972	3716.7020867218	0.00230243658138808	0.00257487575822209	28.54534799271
973	3716.42412535526	0.00230437114596141	0.00257408140623942	28.5329179485401
974	3716.1665029942	0.00230815749947607	0.00257309426604769	28.5208162104118
975	3715.90744476772	0.00230964856969094	0.00257187818246091	28.5085537427516
976	3715.64761848623	0.00230905188324172	0.00257041718577608	28.4962740659915
977	3715.40211675491	0.00231075313195265	0.00256949749394151	28.4837143021348
978	3715.15181083104	0.00231240262068807	0.00256857151459462	28.4705956505076
979	3714.89766426019	0.00231590681517209	0.00256796387124477	28.4577342799911
980	3714.65804639669	0.00231702474346096	0.00256637196614725	28.4451452384791
981	3714.41601331506	0.00231810608487977	0.00256484644972194	28.4325157304198
982	3714.18941978051	0.00231708435565936	0.00256285713957214	28.4190290144888
983	3713.95711829205	0.00231843806387657	0.00256164627060822	28.4059458129069
984	3713.73841709635	0.00232154366018353	0.00256037452833784	28.3928299870717
985	3713.5144660684	0.0023223483229414	0.00255883771044848	28.3799357440763
986	3713.30533690426	0.00232104095482611	0.00255666457963315	28.3661671319393
987	3713.08978803372	0.00232211123383492	0.0025550562173397	28.3529025004012
988	3712.8849098467	0.0023230173348561	0.00255331853657539	28.3391602795586
989	3712.69659579625	0.00232575235316514	0.00255177019050702	28.325718407396
990	3712.50266668369	0.00232618356025315	0.00254960029357556	28.3128844495432
991	3712.32101178325	0.00232514902880331	0.00254733512290758	28.2993944038647
992	3712.1282561041	0.0023255222712154	0.00254582451245113	28.2853528057865
993	3711.95144287826	0.00232637986570705	0.00254379397769807	28.2716507254211
994	3711.78857765158	0.00232780549591894	0.00254180671540872	28.2586355277249
995	3711.61746776525	0.00232802719858852	0.00253945597498594	28.2452936703652
996	3711.46251828812	0.00232792761899773	0.00253717246357019	28.2314753568925
997	3711.29272245875	0.00232825932266285	0.00253476801123104	28.2177380097183
998	3711.1420199426	0.00232904751318118	0.00253257424708703	28.2048043766401
999	3710.98293470729	0.00232905733237848	0.00253002243905033	28.1915638932873
